2
3
5
7
9
10
13
15
17
17
19
23
23
26
28
29
31
32
33
35
37
39
43
44
45
46
48
50
51
54
55
55
59
59
60
63
64
67
67
68
71
71
73
75
75
78
80
81
82
83
86
85
88
87
89
92
91
93
95
95
96
99
100
101
102
103
104
106
107
109
110
110
113
111
113
115
117
117
118
119
120
122
123
122
125
125
127
127
127
129
130
132
132
135
135
135
138
139
139
139
139
142
141
143
143
144
146
148
146
148
148
150
149
150
153
152
153
153
155
156
158
158
157
159
159
161
161
163
164
163
164
165
166
167
166
167
168
169
169
169
172
172
172
174
174
174
175
175
174
175
177
178
178
178
180
179
181
181
182
182
184
183
184
184
186
186
186
187
188
187
189
188
188
190
190
190
191
191
191
193
193
193
194
193
194
196
196
196
196
197
199
199
200
200
200
200
200
202
202
200
201
201
201
202
203
204
205
205
204
205
205
205
205
207
206
206
207
208
208
207
209
210
210
211
210
211
211
212
213
212
214
212
214
213
214
214
214
214
215
216
214
214
215
216
217
216
215
217
217
217
219
219
217
219
220
218
219
220
221
221
220
221
222
221
223
221
222
221
223
222
224
224
223
222
223
223
224
224
225
226
223
226
225
226
226
225
227
227
227
226
227
227
228
227
228
228
229
228
228
229
230
230
229
229
230
229
229
229
229
230
231
231
231
231
232
231
232
232
232
232
233
232
231
232
232
231
232
232
232
233
233
232
234
233
235
234
233
234
235
235
235
234
236
234
236
235
235
236
236
235
236
237
236
235
236
236
235
237
237
236
237
237
238
237
238
237
237
238
238
239
238
238
237
238
239
238
239
239
238
239
240
238
240
239
239
240
240
239
240
239
239
239
239
240
239
239
240
239
239
241
241
241
241
240
240
241
241
241
242
240
242
242
242
240
241
242
242
241
242
241
242
243
243
242
242
243
242
242
242
243
244
243
243
243
243
244
243
243
242
243
243
243
242
244
244
243
243
245
244
244
245
244
244
244
245
243
244
243
244
244
244
245
244
243
243
245
244
244
243
244
244
244
246
245
245
244
244
246
245
244
245
246
244
246
246
246
246
246
246
246
245
244
247
246
246
246
246
246
245
247
247
245
246
246
247
247
245
247
246
247
247
246
246
246
247
247
247
246
247
246
246
247
247
245
247
247
248
244
243
240
239
236
235
233
232
230
228
226
224
222
220
218
216
216
214
211
210
208
207
204
204
202
200
198
197
195
194
193
192
189
188
187
185
184
182
180
179
178
176
176
174
172
171
170
169
168
165
165
164
162
160
160
158
156
156
154
153
151
151
150
148
148
147
146
144
143
142
141
140
138
138
136
136
134
134
133
131
129
128
128
128
126
125
124
123
122
120
120
120
120
117
116
115
113
114
112
112
112
110
110
108
107
107
106
106
105
104
103
101
100
101
100
99
97
97
96
95
95
94
94
91
92
92
89
90
90
89
88
86
85
86
83
84
82
83
82
82
81
80
80
78
79
78
77
78
77
76
75
74
74
74
71
71
72
71
70
70
69
69
68
68
67
67
66
64
66
65
65
63
63
63
62
62
60
60
59
59
59
58
57
58
57
57
56
55
55
54
53
54
54
52
54
52
52
51
52
51
50
51
50
49
50
49
50
49
48
48
47
46
47
46
46
45
45
44
43
44
44
44
42
43
41
42
41
41
42
40
40
40
39
40
40
38
39
38
38
38
37
36
36
37
36
36
35
35
35
34
34
34
33
34
34
32
33
33
33
32
32
32
31
32
32
30
31
31
30
29
30
30
30
29
28
28
29
29
28
27
27
27
26
27
26
27
26
26
26
26
25
26
26
25
24
24
23
23
23
24
24
22
24
24
24
23
22
23
22
21
22
21
21
22
21
21
21
21
21
21
19
21
20
19
19
20
19
19
19
18
19
18
19
18
18
17
17
17
18
18
17
18
16
17
17
17
16
17
16
17
15
16
17
16
16
16
15
16
15
14
14
15
16
14
14
15
14
14
14
14
15
14
14
14
14
13
14
14
14
13
12
12
13
13
14
13
13
13
13
11
12
13
12
12
13
11
11
11
12
12
11
11
10
11
10
10
11
10
10
10
10
10
9
10
9
9
10
10
9
10
10
10
9
9
9
10
10
10
9
9
8
9
8
9
8
8
7
9
9
9
8
8
7
8
8
7
7
7
8
8
7
8
7
6
7
8
7
7
7
7
6
8
6
8
8
7
7
7
6
7
6
7
6
6
6
6
7
5